start=1338.086750
volume=90.000000
