start=702.535000
volume=50.000000
