start=9022.800000
volume=130.000000
contrast=-1
