start=913.329000
pause=yes
volume=50.000000
